0.5 0.868519 0.882838 0.871082 0.771802 0.584337 0.678408 0.823604 0.832447 0.5 
0.131481 0.5 0.439914 0.378571 0.283784 0.132979 0.170833 0.271812 0.310268 0.109254 
0.117162 0.560086 0.5 0.165584 0.324242 0.134109 0.122265 0.487097 0.313333 0.0422773 
0.128918 0.621429 0.834416 0.5 0.268595 0.103066 0.261181 0.244565 0.425497 0.103162 
0.228198 0.716216 0.675758 0.731405 0.5 0.286017 0.5 0.451087 0.523649 0.336207 
0.415663 0.867021 0.865891 0.896934 0.713983 0.5 0.607143 0.633772 0.788754 0.430597 
0.321592 0.829167 0.877735 0.738819 0.5 0.392857 0.5 0.454082 0.642361 0.181929 
0.176396 0.728188 0.512903 0.755435 0.548913 0.366228 0.545918 0.5 0.567227 0.168571 
0.167553 0.689732 0.686667 0.574503 0.476351 0.211246 0.357639 0.432773 0.5 0.232394 
0.5 0.890746 0.957723 0.896838 0.663793 0.569403 0.818071 0.831429 0.767606 0.5 
